1.000000000000000048e-04 3.329112956443640314e+02
1.011591112223829728e-04 3.366323573092476522e+02
1.023316578330244966e-04 3.403950105334897103e+02
1.035177955630176228e-04 3.441997201999557205e+02
1.047176819485520245e-04 3.480469563876636130e+02
1.059314763518370031e-04 3.519371944298629842e+02
1.071593399822671198e-04 3.558709149727629324e+02
1.084014359178331018e-04 3.598486040349173436e+02
1.096579291267809898e-04 3.638707530672729149e+02
1.109289864895222780e-04 3.679378590138893514e+02
1.122147768207980290e-04 3.720504243733373642e+02
1.135154708920999033e-04 3.762089572607832793e+02
1.148312414543511137e-04 3.804139714707679332e+02
1.161622632608501891e-04 3.846659865406867311e+02
1.175087130904807617e-04 3.889655278149794526e+02
1.188707697711903309e-04 3.933131265100376481e+02
1.202486142037412301e-04 3.977093197798373012e+02
1.216424293857368039e-04 4.021546507823052821e+02
1.230524004359261579e-04 4.066496687464278921e+02
1.244787146187906256e-04 4.111949290401081498e+02
1.259215613694150942e-04 4.157909932387835283e+02
1.273811323186478520e-04 4.204384291948092027e+02
1.288576213185518003e-04 4.251378111076176651e+02
1.303512244681508938e-04 4.298897195946611873e+02
1.318621401394748458e-04 4.346947417631492954e+02
1.333905690039058638e-04 4.395534712825864858e+02
1.349367140588306430e-04 4.444665084581212113e+02
1.365007806546013845e-04 4.494344603047145483e+02
1.380829765218092263e-04 4.544579406221383806e+02
1.396835117988739626e-04 4.595375700708113982e+02
1.413025990599533599e-04 4.646739762484828589e+02
1.429404533431761061e-04 4.698677937677729801e+02
1.445972921792019463e-04 4.751196643345815005e+02
1.462733356201129868e-04 4.804302368273708908e+02
1.479688062686396383e-04 4.858001673773364359e+02
1.496839293077255632e-04 4.912301194494733636e+02
1.514189325304352018e-04 4.967207639245479527e+02
1.531740463702079740e-04 5.022727791819870617e+02
1.549495039314631646e-04 5.078868511836930111e+02
1.567455410205595065e-04 5.135636735587951307e+02
1.585623961771137158e-04 5.193039476893487745e+02
1.604003107056819902e-04 5.251083827969932827e+02
1.622595287078087002e-04 5.309776960305769080e+02
1.641402971144466361e-04 5.369126125547621768e+02
1.660428657187529582e-04 5.429138656396208944e+02
1.679674872092653225e-04 5.489821967512318679e+02
1.699144172034625999e-04 5.551183556432896467e+02
1.718839142817145534e-04 5.613231004497382628e+02
1.738762400216250527e-04 5.675971977784407727e+02
1.758916590327732731e-04 5.739414228058936942e+02
1.779304389918577296e-04 5.803565593730025967e+02
1.799928506782476454e-04 5.868434000819272569e+02
1.820791680099462359e-04 5.934027463940077496e+02
1.841896680799710861e-04 6.000354087287885250e+02
1.863246311931559835e-04 6.067422065641454765e+02
1.884843409033795474e-04 6.135239685375349836e+02
1.906690840512252085e-04 6.203815325483732295e+02
1.928791508020777693e-04 6.273157458615603446e+02
1.951148346846616412e-04 6.343274652121616555e+02
1.973764326300255292e-04 6.414175569112588846e+02
1.996642450109793374e-04 6.485868969529842616e+02
2.019785756819878484e-04 6.558363711227516433e+02
2.043197320195270594e-04 6.631668751066966934e+02
2.066880249629082160e-04 6.705793146023404461e+02
2.090837690555749911e-04 6.780746054304902373e+02
2.115072824868794756e-04 6.856536736483915320e+02
2.139588871343421563e-04 6.933174556641428126e+02
2.164389086064020347e-04 7.010668983523910356e+02
2.189476762856620634e-04 7.089029591713209584e+02
2.214855233726359179e-04 7.168266062809490222e+02
2.240527869300018224e-04 7.248388186627425966e+02
2.266498079273692845e-04 7.329405862405743619e+02
2.292769312865648647e-04 7.411329100030297923e+02
2.319345059274427543e-04 7.494168021270808140e+02
2.346228848142262321e-04 7.577932861031418952e+02
2.373424250023866149e-04 7.662633968615252797e+02
2.400934876860651764e-04 7.748281809003068474e+02
2.428764382460450548e-04 7.834886964146247692e+02
2.456916462982790305e-04 7.922460134274199390e+02
2.485394857429798422e-04 8.011012139216409196e+02
2.514203348142796828e-04 8.100553919739229514e+02
2.543345761304648361e-04 8.191096538897654682e+02
2.572825967447932359e-04 8.282651183402159631e+02
2.602647881969004482e-04 8.375229165000851026e+02
2.632815465648020189e-04 8.468841921877062759e+02
2.663332725174980963e-04 8.563501020062545876e+02
2.694203713681882413e-04 8.659218154866490522e+02
2.725432531281027707e-04 8.756005152320484513e+02
2.757023325609582747e-04 8.853873970639675690e+02
2.788980292380439777e-04 8.952836701700183539e+02
2.821307675939470740e-04 9.052905572533113627e+02
2.854009769829237591e-04 9.154092946835221483e+02
2.887090917359234400e-04 9.256411326496443053e+02
2.920555512182745244e-04 9.359873353144575958e+02
2.954407998880379709e-04 9.464491809707124048e+02
2.988652873550382482e-04 9.570279621990697478e+02
3.023294684405776131e-04 9.677249860277983089e+02
3.058338032378431388e-04 9.785415740942629554e+02
3.093787571730136510e-04 9.894790628082140529e+02
3.129648010670750265e-04 1.000538803516904068e+03
3.165924111983520412e-04 1.011722162672048285e+03
3.202620693657650080e-04 1.023030521998653512e+03
3.239742629528195514e-04 1.034465278665732058e+03
3.277294849923381931e-04 1.046027845458924503e+03
3.315282342319423150e-04 1.057719650955053112e+03
3.353710152002928996e-04 1.069542139698623714e+03
3.392583382740992125e-04 1.081496772380302673e+03
3.431907197459042598e-04 1.093585026017387918e+03
3.471686818926559680e-04 1.105808394136297011e+03
3.511927530450727588e-04 1.118168386957095890e+03
3.552634676578139260e-04 1.130666531580087621e+03
3.593813663804625697e-04 1.143304372174490709e+03
3.635469961293317630e-04 1.156083470169222210e+03
3.677609101601030626e-04 1.169005404445816794e+03
3.720236681413065759e-04 1.182071771533499032e+03
3.763358362286532656e-04 1.195284185806438700e+03
3.806979871402283821e-04 1.208644279683209106e+03
3.851107002325568655e-04 1.222153703828475955e+03
3.895745615775500948e-04 1.235814127356940162e+03
3.940901640403447737e-04 1.249627238039558961e+03
3.986581073580438726e-04 1.263594742512074163e+03
4.032789982193705223e-04 1.277718366485869865e+03
4.079534503452448896e-04 1.291999854961188475e+03
4.126820845702952015e-04 1.306440972442726661e+03
4.174655289253134888e-04 1.321043503157644864e+03
4.223044187206672164e-04 1.335809251276010400e+03
4.271993966306776428e-04 1.350740041133708701e+03
4.321511127789761839e-04 1.365837717457840881e+03
4.371602248248502198e-04 1.381104145594643796e+03
4.422273980505897289e-04 1.396541211739957589e+03
4.473533054498462949e-04 1.412150823172268474e+03
4.525386278170166862e-04 1.427934908488357223e+03
4.577840538376616304e-04 1.443895417841579274e+03
4.630902801799736631e-04 1.460034323182811931e+03
4.684580115873045137e-04 1.476353618504090491e+03
4.738879609717650920e-04 1.492855320084972163e+03
4.793808495089107069e-04 1.509541466741647810e+03
4.849374067335233355e-04 1.526414120078845144e+03
4.905583706365045484e-04 1.543475364744541821e+03
4.962444877628913436e-04 1.560727308687527056e+03
5.019965133110079530e-04 1.578172083417845442e+03
5.078152112327670659e-04 1.595811844270144775e+03
5.137013543351339135e-04 1.613648770669975875e+03
5.196557243827657369e-04 1.631685066403062365e+03
5.256791122018419265e-04 1.649922959887582920e+03
5.317723177850966487e-04 1.668364704449496003e+03
5.379361503980697925e-04 1.687012578600945517e+03
5.441714286865887004e-04 1.705868886321769878e+03
5.504789807854967333e-04 1.724935957344167946e+03
5.568596444286409188e-04 1.744216147440540226e+03
5.633142670601351629e-04 1.763711838714546275e+03
5.698437059469136636e-04 1.783425439895424233e+03
5.764488282925873171e-04 1.803359386635586361e+03
5.831305113526218760e-04 1.823516141811554462e+03
5.898896425508493501e-04 1.843898195828249982e+03
5.967271195973310833e-04 1.864508066926689253e+03
6.036438506075863814e-04 1.885348301495115493e+03
6.106407542232036075e-04 1.906421474383611439e+03
6.177187597338488134e-04 1.927730189222227409e+03
6.248788072006888211e-04 1.949277078742661615e+03
6.321218475812448011e-04 1.971064805103542767e+03
6.394488428556943443e-04 1.993096060219343826e+03
6.468607661546327617e-04 2.015373566092966939e+03
6.543586018883235361e-04 2.037900075152063891e+03
6.619433458774394430e-04 2.060678370589094357e+03
6.696160054853222054e-04 2.083711266705197431e+03
6.773775997517752102e-04 2.107001609257904875e+03
6.852291595284064167e-04 2.130552275812737662e+03
6.931717276155407569e-04 2.154366176098736105e+03
7.012063589007183975e-04 2.178446252367961733e+03
7.093341204987996815e-04 2.202795479759018690e+03
7.175560918936927952e-04 2.227416866664636018e+03
7.258733650817253023e-04 2.252313455103362685e+03
7.342870447166765678e-04 2.277488321095413539e+03
7.427982482564917787e-04 2.302944575042716224e+03
7.514081061116969704e-04 2.328685362113208612e+03
7.601177617955330547e-04 2.354713862629429514e+03
7.689283720758312941e-04 2.381033292461454948e+03
7.778411071286489781e-04 2.407646903424222273e+03
7.868571506936851423e-04 2.434557983679301287e+03
7.959777002314985571e-04 2.461769858141148688e+03
8.052039670825478267e-04 2.489285888887912733e+03
8.145371766280745229e-04 2.517109475576817658e+03
8.239785684528520143e-04 2.545244055864204256e+03
8.335293965098195066e-04 2.573693105830254808e+03
8.431909292866259040e-04 2.602460140408471943e+03
8.529644499741025759e-04 2.631548713819950990e+03
8.628512566366895297e-04 2.660962420012515850e+03
8.728526623848379762e-04 2.690704893104753864e+03
8.829699955494092365e-04 2.720779807835021074e+03
8.932045998580968784e-04 2.751190880015460607e+03
9.035578346138930074e-04 2.781941866991100142e+03
9.140310748756232161e-04 2.813036568104077105e+03
9.246257116405742597e-04 2.844478825163056626e+03
9.353431520292386373e-04 2.876272522917891820e+03
9.461848194722001460e-04 2.908421589539594606e+03
9.571521538991865398e-04 2.940929997105665734e+03
9.682466119303123836e-04 2.973801762090854481e+03
9.794696670695395360e-04 3.007040945863401703e+03
9.908228099003797609e-04 3.040651655186828066e+03
1.002307548283865382e-03 3.074403596981675946e+03
1.013925407558815411e-03 3.107569613418753761e+03
1.025677930744421868e-03 3.141071967352818319e+03
1.037566678745185890e-03 3.174913441457841600e+03
1.049593230558227598e-03 3.209096829028190314e+03
1.061759183483000071e-03 3.243624933766256618e+03
1.074066153333433447e-03 3.278500569564154830e+03
1.086515774652538433e-03 3.313726560279181285e+03
1.099109700929497193e-03 3.349305739479583735e+03
1.111849604819271095e-03 3.385240942304581495e+03
1.124737178364752007e-03 3.421534993235645288e+03
1.137774133221491381e-03 3.458190721606149054e+03
1.150962200885032299e-03 3.495210964157332000e+03
1.164303132920876775e-03 3.532598566565587589e+03
1.177798701197119331e-03 3.570356386113873214e+03
1.191450698119775895e-03 3.608487287614062552e+03
1.205260936870842505e-03 3.646994142376985565e+03
1.219231251649110712e-03 3.685879828530192754e+03
1.233363497913775872e-03 3.725147231806173295e+03
1.247659552630869806e-03 3.764799243851160099e+03
1.262121314522547276e-03 3.804838761603107287e+03
1.276750704319265777e-03 3.845268679495398374e+03
1.291549665014883998e-03 3.886091875088944107e+03
1.306520162124721234e-03 3.927311225244092839e+03
1.321664183946605082e-03 3.968929609272951893e+03
1.336983741824946661e-03 4.010949888387408919e+03
1.352480870417875451e-03 4.053374864674037326e+03
1.368157627967471913e-03 4.096207326955206554e+03
1.384016096573131502e-03 4.139450060878994918e+03
1.400058382468097589e-03 4.183105845057358238e+03
1.416286616299198848e-03 4.227177443341377511e+03
1.432702953409831009e-03 4.271667612178944182e+03
1.449309574126216591e-03 4.316579101962601271e+03
1.466108684046984459e-03 4.361914656815658418e+03
1.483102514336104337e-03 4.407677014863093973e+03
1.500293322019218348e-03 4.453868906687114759e+03
1.517683390283405343e-03 4.500493054464623128e+03
1.535275028780422714e-03 4.547552172417440488e+03
1.553070573933460147e-03 4.595048968841031638e+03
1.571072389247450424e-03 4.642986142692777321e+03
1.589282865622978049e-03 4.691366382172534941e+03
1.607704421673823627e-03 4.740192355044855503e+03
1.626339504048192157e-03 4.789466684214756242e+03
1.645190587753662514e-03 4.839191970793986911e+03
1.664260176485903671e-03 4.889370800330319980e+03
1.683550802961202323e-03 4.940005716824117371e+03
1.703065029252844422e-03 4.991099151020081081e+03
1.722805447131393972e-03 5.042653488379254668e+03
1.742774678408919205e-03 5.094671089666569969e+03
1.762975375287205784e-03 5.147154285397940839e+03
1.783410220710008025e-03 5.200105361051535510e+03
1.804081928719382779e-03 5.253526569100095003e+03
1.824993244816152391e-03 5.307420132347360777e+03
1.846146946324547485e-03 5.361788244009304435e+03
1.867545842761075955e-03 5.416633070180105278e+03
1.889192776207666326e-03 5.471956745620018410e+03
1.911090621689137941e-03 5.527761371580836567e+03
1.933242287555045260e-03 5.584049015174500710e+03
1.955650715865949168e-03 5.640821709748762260e+03
1.978318882784164089e-03 5.698081452534014716e+03
2.001249798969036847e-03 5.755830203068425362e+03
2.024446509976803900e-03 5.814069873553928119e+03
2.047912096665085481e-03 5.872802296882490737e+03
2.071649675602069141e-03 5.932029251824157654e+03
2.095662399480432980e-03 5.991752472555453096e+03
2.119953457536071038e-03 6.051973624892678345e+03
2.144526075971667656e-03 6.112694218435188304e+03
2.169383518385184159e-03 6.173915676833522411e+03
2.194529086203313769e-03 6.235639367599847901e+03
2.219966119119954652e-03 6.297866597231282867e+03
2.245697995539773940e-03 6.360598595543650845e+03
2.271728133026905232e-03 6.423836525653992794e+03
2.298059988758851136e-03 6.487581487867051692e+03
2.324697059985648094e-03 6.551834519007245035e+03
2.351642884494348565e-03 6.616596594331082088e+03
2.378901041078893431e-03 6.681868623456985915e+03
2.406475150015424062e-03 6.747651447584449670e+03
2.434368873543110365e-03 6.813945838310363797e+03
2.462585916350546866e-03 6.880752497526304978e+03
2.491130026067788373e-03 6.948072054876900438e+03
2.520004993764092018e-03 7.015905065688732975e+03
2.549214654451422910e-03 7.084252002232651648e+03
2.578762887593801043e-03 7.153113217022294521e+03
2.608653617622547997e-03 7.222488966507773512e+03
2.638890814457510187e-03 7.292379424125230798e+03
2.669478494034320699e-03 7.362784661129219785e+03
2.700420718837772543e-03 7.433704554052821550e+03
2.731721598441376204e-03 7.505138845903816218e+03
2.763385290053169997e-03 7.577087183702322363e+03
2.795415999067856535e-03 7.649549114593634840e+03
2.827817979625341181e-03 7.722524071923478914e+03
2.860595535175741895e-03 7.796011381583684852e+03
2.893753019050950264e-03 7.870010265708964653e+03
2.927294835042816134e-03 7.944519840822538754e+03
2.961225437988034351e-03 8.019539115470025536e+03
2.995549334359812969e-03 8.095066988833673349e+03
3.030271082866396216e-03 8.171102249242545440e+03
3.065395295056526793e-03 8.247643574138224722e+03
3.100926635931926852e-03 8.324689539001250523e+03
3.136869824566876613e-03 8.402238609060055751e+03
3.173229634734976452e-03 8.480289132381700256e+03
3.210010895543171858e-03 8.558839326692866962e+03
3.247218492073128838e-03 8.637887202965652250e+03
3.284857366030043482e-03 8.717430607210064409e+03
3.322932516398971556e-03 8.797467256028388874e+03
3.361449000108765288e-03 8.877994711214043491e+03
3.400411932703706255e-03 8.959010212838662483e+03
3.439826489022924580e-03 9.040510769190253995e+03
3.479697903887691603e-03 9.122493240555813827e+03
3.520031472796678832e-03 9.204954335358614117e+03
3.560832552629277729e-03 9.287890590209979564e+03
3.602106562357070083e-03 9.371298377530456492e+03
3.643858983763544404e-03 9.455173913367469140e+03
3.686095362172158059e-03 9.539513255637517432e+03
3.728821307182833642e-03 9.624312302668720804e+03
3.772042493416997554e-03 9.709566791162489608e+03
3.815764661271248397e-03 9.795272294153061011e+03
3.859993617679767074e-03 9.881424221097418922e+03
3.904735236885560103e-03 9.968017831760715126e+03
3.949995461220642823e-03 1.005504822710410735e+04
3.995780301895269192e-03 1.014251033851306420e+04
4.042095839796309639e-03 1.023039891294328299e+04
4.088948226294864159e-03 1.031870839566063660e+04
4.136343684063278035e-03 1.040743297970180720e+04
4.184288507901584922e-03 1.049656667369681963e+04
4.232789065573553354e-03 1.058610327565476655e+04
4.281851798652415615e-03 1.067603613305893487e+04
4.331483223376403000e-03 1.076635823951282691e+04
4.381689931514195016e-03 1.085706238161052897e+04
4.432478591240400501e-03 1.094814113703412113e+04
4.483855948021191196e-03 1.103958685077062910e+04
4.535828825510191016e-03 1.113139164207904469e+04
4.588404126454761513e-03 1.122354741737828954e+04
4.641588833612782412e-03 1.131604586857013237e+04
4.695390010680062544e-03 1.140887846662001903e+04
4.749814803228504315e-03 1.150203646204188408e+04
4.804870439655133628e-03 1.159551088706208066e+04
4.860564232142139222e-03 1.168929255770170676e+04
4.916903577628031589e-03 1.178337210884917477e+04
4.973895958790068052e-03 1.187773998169452716e+04
5.031548945038056761e-03 1.197238639766094275e+04
5.089870193519685330e-03 1.206730133687385387e+04
5.148867450137497269e-03 1.216247429309373183e+04
5.208548550577665401e-03 1.225789434300785797e+04
5.268921421350676766e-03 1.235355032148824284e+04
5.329994080844092930e-03 1.244943078959249942e+04
5.391774640387505396e-03 1.254552358108270892e+04
5.454271305329836186e-03 1.264181591667839530e+04
5.517492376129128420e-03 1.273829474184881656e+04
5.581446249454966556e-03 1.283494673218057505e+04
5.646141419303672866e-03 1.293175826322267858e+04
5.711586478126434545e-03 1.302871541691569655e+04
5.777790117970507157e-03 1.312580400474887028e+04
5.844761131633637551e-03 1.322300956834081444e+04
5.912508413831881436e-03 1.332031737751565561e+04
5.981040962380944001e-03 1.341771243110733485e+04
6.050367879391223974e-03 1.351517945925867934e+04
6.120498372476702517e-03 1.361270292714637253e+04
6.191441755977847815e-03 1.371026708319681893e+04
6.263207452198692356e-03 1.380785595307532276e+04
6.335804992658253774e-03 1.390545330139964790e+04
6.409244019356457114e-03 1.400304261112817039e+04
6.483534286054726779e-03 1.410060673346599833e+04
6.558685659571435525e-03 1.419812792817407171e+04
6.634708121092351002e-03 1.429558816846882473e+04
6.711611767496287149e-03 1.439296912028151928e+04
6.789406812696112230e-03 1.449025153978513663e+04
6.868103588995307790e-03 1.458741531898760877e+04
6.947712548460239883e-03 1.468444002875092701e+04
7.028244264308352446e-03 1.478130494025442022e+04
7.109709432312438099e-03 1.487798899816921585e+04
7.192118872221192789e-03 1.497447082492869413e+04
7.275483529196232965e-03 1.507072875200839735e+04
7.359814475265771296e-03 1.516674082420433479e+04
7.445122910795143496e-03 1.526248478979776337e+04
7.531420165974375344e-03 1.535793810472374935e+04
7.618717702322998914e-03 1.545307795046370302e+04
7.707027114212303652e-03 1.554788124345089091e+04
7.796360130405236531e-03 1.564232473239351748e+04
7.886728615614155974e-03 1.573638500841029236e+04
7.978144572076628638e-03 1.583003841873925558e+04
8.070620141149507584e-03 1.592326104172719715e+04
8.164167604921472240e-03 1.601602803353461059e+04
8.258799387844271284e-03 1.610831357091136124e+04
8.354528058382871408e-03 1.620009153848136521e+04
8.451366330684721012e-03 1.629133553197424408e+04
8.549327066268383804e-03 1.638201780861479529e+04
8.648423275731726215e-03 1.647210914473468802e+04
8.748668120479913615e-03 1.656157997566353879e+04
8.850074914473439122e-03 1.665040046652336969e+04
8.952657125996400095e-03 1.673854048460793274e+04
9.056428379445294677e-03 1.682596960260702326e+04
9.161402457138520528e-03 1.691265715106092466e+04
9.267593301146882789e-03 1.699857223199299915e+04
9.375015015145289968e-03 1.708368372897967856e+04
9.483681866285927423e-03 1.716796031879977090e+04
9.593608287093146128e-03 1.725137048562918426e+04
9.704808877380306092e-03 1.733388253678681576e+04
9.817298406188841586e-03 1.741546471520615887e+04
9.931091813749801447e-03 1.749608524191915058e+04
1.004620421346813161e-02 1.757571221169386990e+04
1.016265089392995140e-02 1.765431357817772732e+04
1.028044732093309765e-02 1.773185634726042917e+04
1.039960913954120388e-02 1.780830630943899814e+04
1.052015217616159015e-02 1.788362907151727268e+04
1.064209244064724669e-02 1.795779011880066173e+04
1.076544612842315896e-02 1.803075356636918877e+04
1.089022962263730583e-02 1.810248167060501146e+04
1.101645949633657008e-02 1.817293647278708522e+04
1.114415251466788215e-02 1.824207994670818516e+04
1.127332563710487130e-02 1.830987397946167766e+04
1.140399601970033122e-02 1.837628037500512801e+04
1.153618101736478448e-02 1.844126093168510124e+04
1.166989818617147553e-02 1.850477747023599659e+04
1.180516528568805595e-02 1.856679185384720040e+04
1.194200028133532432e-02 1.862726601063757334e+04
1.208042134677328981e-02 1.868616196413423677e+04
1.222044686631488727e-02 1.874344186120427912e+04
1.236209543736769070e-02 1.879906811432863105e+04
1.250538587290391315e-02 1.885300349574435313e+04
1.265033720395903824e-02 1.890521099764456812e+04
1.279696868215941634e-02 1.895565382620657692e+04
1.294529978227916024e-02 1.900429427300620227e+04
1.309535020482667685e-02 1.905109299290456693e+04
1.324713987866117486e-02 1.909601075070714069e+04
1.340068896363950761e-02 1.913900860285473027e+04
1.355601785329368925e-02 1.918004609529595109e+04
1.371314717753945554e-02 1.921907997883150165e+04
1.387209780541620932e-02 1.925606707236741204e+04
1.403289084785873213e-02 1.929096460610138456e+04
1.419554766050101606e-02 1.932373021602969675e+04
1.436008984651260603e-02 1.935432194837689167e+04
1.452653925946781159e-02 1.938269837230644407e+04
1.469491800624817164e-02 1.940881862984249892e+04
1.486524844997857107e-02 1.943264253385116899e+04
1.503755321299738400e-02 1.945413065885158358e+04
1.521185517986104775e-02 1.947324428919846105e+04
1.538817750038346324e-02 1.948994544909720207e+04
1.556654359271062056e-02 1.950419685879505414e+04
1.574697714643086624e-02 1.951596189549058181e+04
1.592950212572123020e-02 1.952520478475387063e+04
1.611414277253019750e-02 1.953189066073888171e+04
1.630092360979741237e-02 1.953598532825872098e+04
1.648986944471064753e-02 1.953745501613855595e+04
1.668100537200059227e-02 1.953626692395132704e+04
1.687435677727375585e-02 1.953238932892955927e+04
1.706994934038407949e-02 1.952579061465010091e+04
1.726780903884355886e-02 1.951643817863667937e+04
1.746796215127245644e-02 1.950430036681881757e+04
1.767043526088946798e-02 1.948934679619242524e+04
1.787525525904235316e-02 1.947154840568729196e+04
1.808244934877951612e-02 1.945087750733177745e+04
1.829204504846293836e-02 1.942730782585595443e+04
1.850407019542302245e-02 1.940081454369275525e+04
1.871855294965579092e-02 1.937137441495182793e+04
1.893552179756295348e-02 1.933896589993603993e+04
1.915500555573527997e-02 1.930356907004820459e+04
1.937703337477988952e-02 1.926516562590158719e+04
1.960163474319185847e-02 1.922373849195539151e+04
1.982883949127071249e-02 1.917927122610642618e+04
2.005867779508234069e-02 1.913174899228046706e+04
2.029118018046677935e-02 1.908115876720755841e+04
2.052637752709252084e-02 1.902749129810924569e+04
2.076430107255774690e-02 1.897074405695242240e+04
2.100498241653915230e-02 1.891091710594158576e+04
2.124845352498882720e-02 1.884801235676331271e+04
2.149474673437980557e-02 1.878203508899361623e+04
2.174389475600079988e-02 1.871299641669879566e+04
2.199593068030074663e-02 1.864090992064975944e+04
2.225088798128369363e-02 1.856579099524049525e+04
2.250880052095461867e-02 1.848765705355121827e+04
2.276970255381680075e-02 1.840652788267693177e+04
2.303362873142131284e-02 1.832242516996993800e+04
2.330061410696924670e-02 1.823537240201011809e+04
2.357069413996727703e-02 1.814539492009618334e+04
2.384390470093720321e-02 1.805252002742672994e+04
2.412028207618006903e-02 1.795677683155851628e+04
2.439986297259550199e-02 1.785819619998820417e+04
2.468268452255692469e-02 1.775680977561624240e+04
2.496878428884326609e-02 1.765264800400333843e+04
2.525820026962784584e-02 1.754574258284317330e+04
2.555097090352506997e-02 1.743612702345846992e+04
2.584713507469563881e-02 1.732384291948790633e+04
2.614673211801091940e-02 1.720895348246282447e+04
2.644980182427720053e-02 1.709152693461700983e+04
2.675638444552045150e-02 1.697163236901650089e+04
2.706652070033241375e-02 1.684934645886442013e+04
2.738025177927857698e-02 1.672476901575365628e+04
2.769761935036891068e-02 1.659800433719468856e+04
2.801866556459195468e-02 1.646915625279673623e+04
2.834343306151309444e-02 1.633832775500434036e+04
2.867196497493769772e-02 1.620562024583752282e+04
2.900430493863991738e-02 1.607113419518108822e+04
2.934049709215787172e-02 1.593496925841924713e+04
2.968058608665602449e-02 1.579722439167651828e+04
3.002461709085549324e-02 1.565799830151330025e+04
3.037263579703311511e-02 1.551738876525968408e+04
3.072468842709003348e-02 1.537549237783343415e+04
3.108082173869063797e-02 1.523240382935138950e+04
3.144108303147264555e-02 1.508821401327345120e+04
3.180552015332920035e-02 1.494301195531634403e+04
3.217418150676371741e-02 1.479688537780121260e+04
3.254711605531847990e-02 1.464992908098188309e+04
3.292437333007768724e-02 1.450227013020147206e+04
3.330600343624588733e-02 1.435404096771945296e+04
3.369205705980267418e-02 1.420537042747696069e+04
3.408258547423451829e-02 1.405639300033097243e+04
3.447764054734463873e-02 1.390727848344389895e+04
3.487727474814177747e-02 1.375820126611134583e+04
3.528154115380883332e-02 1.360932944748560476e+04
3.569049345675229939e-02 1.346082350682637843e+04
3.610418597173337130e-02 1.331283180524124509e+04
3.652267364308175307e-02 1.316549516011993364e+04
3.694601205199302130e-02 1.301894860986619824e+04
3.737425742391064371e-02 1.287332166125154072e+04
3.780746663599349189e-02 1.272873902149490641e+04
3.824569722466999305e-02 1.258532005638584451e+04
3.868900739327975347e-02 1.244317863946231773e+04
3.913745601980384015e-02 1.230242414787419330e+04
3.959110266468458816e-02 1.216316496964925318e+04
4.005000757873611317e-02 1.202550545408435391e+04
4.051423171114647281e-02 1.188954469052657805e+04
4.098383671757261509e-02 1.175537671052918085e+04
4.145888496832911274e-02 1.162309083036971242e+04
4.193943955667186335e-02 1.149277166489459341e+04
4.242556430717776828e-02 1.136449923380867949e+04
4.291732378422157684e-02 1.123835007862713792e+04
4.341478330055092288e-02 1.111440150221643489e+04
4.391800892596085804e-02 1.099272820563804817e+04
4.442706749606882555e-02 1.087340074145831022e+04
4.494202662119142072e-02 1.075648576924907684e+04
4.546295469532399269e-02 1.064204646208469967e+04
4.598992090522438514e-02 1.053014257047774845e+04
4.652299523960189143e-02 1.042083056340111034e+04
4.706224849841281199e-02 1.031415805350700066e+04
4.760775230226368254e-02 1.021013550712575307e+04
4.815957910192350533e-02 1.010875964933271280e+04
4.871780218794630885e-02 1.001002679622278811e+04
4.928249570040513228e-02 9.913926492386715836e+03
4.985373463873893352e-02 9.820407764519521152e+03
5.043159487171358646e-02 9.729405579077005314e+03
5.101615314749833457e-02 9.640856999268537038e+03
5.160748710385907462e-02 9.554697696535738942e+03
5.220567527846975420e-02 9.470842706936517061e+03
5.281079711934331261e-02 9.389200676196562199e+03
5.342293299538352497e-02 9.309683218463329467e+03
5.404216420705915125e-02 9.232198144851032339e+03
5.466857299720180585e-02 9.156609991821746007e+03
5.530224256192900478e-02 9.082768001938287853e+03
5.594325706169377826e-02 9.010526037030838779e+03
5.659170163246242391e-02 8.939736770706900643e+03
5.724766239702178822e-02 8.870216004744577731e+03
5.791122647641758214e-02 8.801766728999597035e+03
5.858248200152536139e-02 8.734197694636044616e+03
5.926151812475552449e-02 8.667319349541487099e+03
5.994842503189409116e-02 8.600917325046455517e+03
6.064329395408061402e-02 8.534769559170072171e+03
6.134621717992506246e-02 8.468660679116532265e+03
6.205728806776500406e-02 8.402378374815594725e+03
6.277660105806499857e-02 8.335687425973264908e+03
6.350425168595962011e-02 8.268346067047288670e+03
6.424033659394190465e-02 8.200120946806036955e+03
6.498495354469888130e-02 8.130786824736052040e+03
6.573820143409585259e-02 8.060122150141933162e+03
6.650018030431117944e-02 7.987912238895275550e+03
6.727099135712336087e-02 7.913952469740776905e+03
6.805073696735206012e-02 7.838049471718235509e+03
6.883952069645496441e-02 7.760027231516896791e+03
6.963744730628222690e-02 7.679724388671013003e+03
7.044462277299036457e-02 7.596991329402277188e+03
7.126115430111745752e-02 7.511694038537129018e+03
7.208715033782135684e-02 7.423742756298510358e+03
7.292272058728312134e-02 7.333076836292191729e+03
7.376797602527730702e-02 7.239647094370771811e+03
7.462302891391107973e-02 7.143420995518923519e+03
7.548799281653431614e-02 7.044428042850308884e+03
7.636298261282241373e-02 6.942735714084109532e+03
7.724811451403400253e-02 6.838419201935649653e+03
7.814350607844541829e-02 6.731567648337209903e+03
7.904927622696419909e-02 6.622347781569795188e+03
7.996554525892346499e-02 6.510970490162085298e+03
8.089243486805938743e-02 6.397645604671643923e+03
8.183006815867389927e-02 6.282588247839617907e+03
8.277856966198472721e-02 6.166094378191443866e+03
8.373806535266489770e-02 6.048502156997471502e+03
8.470868266557401993e-02 5.930135607251935653e+03
8.569055051268346934e-02 5.811310387248914594e+03
8.668379930019773361e-02 5.692410891535490919e+03
8.768856094587426653e-02 5.573852954649052663e+03
8.870496889654402861e-02 5.456024662022399752e+03
8.973315814583519845e-02 5.339290855549423213e+03
9.077326525210223374e-02 5.224054553018771912e+03
9.182542835656282154e-02 5.110730349146955632e+03
9.288978720164497993e-02 4.999697387943640024e+03
9.396648314954690606e-02 4.891301969780075524e+03
9.505565920101191613e-02 4.785882844599939745e+03
9.615746001432096124e-02 4.683763715340522140e+03
9.727203192450536995e-02 4.585236613451656922e+03
9.839952296278225985e-02 4.490561865927938015e+03
9.954008287621518569e-02 4.399939445211812199e+03
1.006938631476027024e-01 4.313523605950617821e+03
1.018610170155975214e-01 4.231452220013247825e+03
1.030416994950587445e-01 4.153843533156805279e+03
1.042360673976401170e-01 4.080708099869867965e+03
1.054442793526168404e-01 4.011979911776665176e+03
1.066664958279538722e-01 3.947595923416281948e+03
1.079028791516183639e-01 3.887490469259321799e+03
1.091535935331391094e-01 3.831470909911661693e+03
1.104188050854160164e-01 3.779250777171441769e+03
1.116986818467822634e-01 3.730559229670684999e+03
1.129933938033221702e-01 3.685135096642456574e+03
1.143031129114478600e-01 3.642604021609296524e+03
1.156280131207375328e-01 3.602502343685026517e+03
1.169682703970384707e-01 3.564384964270548153e+03
1.183240627458378019e-01 3.527822302867370126e+03
1.196955702359042834e-01 3.492324371283165874e+03
1.210829750232039481e-01 3.457351547146321082e+03
1.224864613750930725e-01 3.422383042269060297e+03
1.239062156947915577e-01 3.386919337907395857e+03
1.253424265461399456e-01 3.350488905577828973e+03
1.267952846786433996e-01 3.312648414031870288e+03
1.282649830528059809e-01 3.272978135481960635e+03
1.297517168657586761e-01 3.231088007208910767e+03
1.312556835771842845e-01 3.186704884849380505e+03
1.327770829355429116e-01 3.139666349726575390e+03
1.343161170046015263e-01 3.089836124165827187e+03
1.358729901902709092e-01 3.037108454740398884e+03
1.374479092677536596e-01 2.981549459466994904e+03
1.390410834090069769e-01 2.923385936089716324e+03
1.406527242105236331e-01 2.862854135790630608e+03
1.422830457214351862e-01 2.800198089855643047e+03
1.439322644719406574e-01 2.735824107625503075e+03
1.456005995020648591e-01 2.670288599462211096e+03
1.472882723907501801e-01 2.604119310663391389e+03
1.489955072852853779e-01 2.537809057910154479e+03
1.507225309310755434e-01 2.471920956329428009e+03
1.524695727017572888e-01 2.407084650132381739e+03
1.542368646296627399e-01 2.343872429010331871e+03
1.560246414366368017e-01 2.282795247937779095e+03
1.578331405652116382e-01 2.224290095342406403e+03
1.596626022101425013e-01 2.168725055936558419e+03
1.615132693503091299e-01 2.116425913538074383e+03
1.633853877809862132e-01 2.067678847257353937e+03
1.652792061464895546e-01 2.022595297962458744e+03
1.671949759731990170e-01 1.981105307391282849e+03
1.691329517029648843e-01 1.943136615193387115e+03
1.710933907269015231e-01 1.908620789118926041e+03
1.730765534195725930e-01 1.877313018257810427e+03
1.750827031735725237e-01 1.848761012525479373e+03
1.771121064345088647e-01 1.822530563402158577e+03
1.791650327363901452e-01 1.798212629568878128e+03
1.812417547374237659e-01 1.775308740249368611e+03
1.833425482562290598e-01 1.753200735546137594e+03
1.854676923084699336e-01 1.731291341514479882e+03
1.876174691439121411e-01 1.709013800115706999e+03
1.897921642839101308e-01 1.685878679941258497e+03
1.919920665593284892e-01 1.661489304368299599e+03
1.942174681489026444e-01 1.635481379971972046e+03
1.964686646180446583e-01 1.607525422089624726e+03
1.987459549580983809e-01 1.577505047924156315e+03
2.010496416260499075e-01 1.545576188764734979e+03
2.033800305846981960e-01 1.511917913303038631e+03
2.057374313432913659e-01 1.476714193345308331e+03
2.081221569986339281e-01 1.440312480193781539e+03
2.105345242766706038e-01 1.403277503690145068e+03
2.129748535745520921e-01 1.366146827716097278e+03
2.154434690031884481e-01 1.329409277233209423e+03
2.179406984302955930e-01 1.293526994223089787e+03
2.204668735239409816e-01 1.258946156878909051e+03
2.230223297965938656e-01 1.226066625923977199e+03
2.256074066496861485e-01 1.195242258652190912e+03
2.282224474186898555e-01 1.166666148438057917e+03
2.308677994187169624e-01 1.140317855254792221e+03
2.335438139906479416e-01 1.116161652065031376e+03
2.362508465477947683e-01 1.094164087133211751e+03
2.389892566231050230e-01 1.074140723140564887e+03
2.417594079169130827e-01 1.055664988080200601e+03
2.445616683452446483e-01 1.038316839543880633e+03
2.473964100886814066e-01 1.021703855269730184e+03
2.502640096417919069e-01 1.005433942669050225e+03
2.531648478631355337e-01 9.890972660723778063e+02
2.560993100258459609e-01 9.723063187580155500e+02
2.590677858688008595e-01 9.547027333918100567e+02
2.620706696483852682e-01 9.360881000468756383e+02
2.651083601908538756e-01 9.165201174896797056e+02
2.681812609453015361e-01 8.960847606508317540e+02
2.712897800372467416e-01 8.748701258325301069e+02
2.744343303228365394e-01 8.530791841528405257e+02
2.776153294436801144e-01 8.311167926635638423e+02
2.808331998823172526e-01 8.093755536217425970e+02
2.840883690183304000e-01 7.882094362128415241e+02
2.873812691851066470e-01 7.678994608209542321e+02
2.907123377272578524e-01 7.486256930492673973e+02
2.940820170587063465e-01 7.305404168721487395e+02
2.974907547214440395e-01 7.137793696384110262e+02
3.009390034449720974e-01 6.983471757985699924e+02
3.044272212064302874e-01 6.840051283206385051e+02
3.079558712914226559e-01 6.705040458811882900e+02
3.115254223555488089e-01 6.576138179643238573e+02
3.151363484866479547e-01 6.451016908854628582e+02
3.187891292677645927e-01 6.327096996727320857e+02
3.224842498408442282e-01 6.201937291241493995e+02
3.262222009711669979e-01 6.073298177604643797e+02
3.300034791125285305e-01 5.940087772984315961e+02
3.338285864731760921e-01 5.803458724829537232e+02
3.376980310825091203e-01 5.664786680733208186e+02
3.416123268585528616e-01 5.525349608456823489e+02
3.455719936762139399e-01 5.386610943230650719e+02
3.495775574363275129e-01 5.250575153831630359e+02
3.536295501355042892e-01 5.119146274854754211e+02
3.577285099367873422e-01 4.994033010330418847e+02
3.618749812411280464e-01 4.876123044744162485e+02
3.660695147596902399e-01 4.764622636037367442e+02
3.703126675869927165e-01 4.658560923634527171e+02
3.746050032748993175e-01 4.557044227683146573e+02
3.789470919074667821e-01 4.459077796132054345e+02
3.833395101766601254e-01 4.363304890978241701e+02
3.877828414589457595e-01 4.268408949528052290e+02
3.922776758927719598e-01 4.173186012396964770e+02
3.968246104569481680e-01 4.076992771635339636e+02
4.014242490499321803e-01 3.980466252793194144e+02
4.060772025700365440e-01 3.884397501659217937e+02
4.107840889965646558e-01 3.789509585622586769e+02
4.155455334718875515e-01 3.696459467852044440e+02
4.203621683844713797e-01 3.605841487577847033e+02
4.252346334528682159e-01 3.518189596987069194e+02
4.301635758106794882e-01 3.433981377041864107e+02
4.351496500925050026e-01 3.353383000779695635e+02
4.401935185208874501e-01 3.275768622899257707e+02
4.452958509942655518e-01 3.200421388338215252e+02
4.504573251759458330e-01 3.126684406892973129e+02
4.556786265841064054e-01 3.054055134149186301e+02
4.609604486828433600e-01 2.982379762745608787e+02
4.663034929742731483e-01 2.911577384519256952e+02
4.717084690917017209e-01 2.841575072266272741e+02
4.771760948938745805e-01 2.772404407541658884e+02
4.827070965603182939e-01 2.704409360687859021e+02
4.883022086877880086e-01 2.637964455034424986e+02
4.939621743878320759e-01 2.573406310061601516e+02
4.996877453854883799e-01 2.510937265974171169e+02
5.054796821191240852e-01 2.450399566919830647e+02
5.113387538414325695e-01 2.391574597060043175e+02
5.172657387216018643e-01 2.334260776646358408e+02
5.232614239486661489e-01 2.278277091194606783e+02
5.293266058360561743e-01 2.223473592023619574e+02
5.354620899273607737e-01 2.169716237114218984e+02
5.416686911033151697e-01 2.116882253495341502e+02
5.479472336900287344e-01 2.064907162778511349e+02
5.542985515684668574e-01 2.013910386612365073e+02
5.607234882852032420e-01 1.964040753094275260e+02
5.672228971644543982e-01 1.915431169605620028e+02
5.737976414214134291e-01 1.868165242800422163e+02
5.804485942768977669e-01 1.822180844800708712e+02
5.871766390733255125e-01 1.777386027799492467e+02
5.939826693920355893e-01 1.733695358466154914e+02
6.008675891719686968e-01 1.691031847191558199e+02
6.078323128297229427e-01 1.649333596078156745e+02
6.148777653810023613e-01 1.608545496120501923e+02
6.220048825634711953e-01 1.568616301352155062e+02
6.292146109610343707e-01 1.529512296466425596e+02
6.365079081295571539e-01 1.491261946511205849e+02
6.438857427240419762e-01 1.453905949665688411e+02
6.513490946272803006e-01 1.417479568351921841e+02
6.588989550799949635e-01 1.382000386167274826e+02
6.665363268124913088e-01 1.347425248643637303e+02
6.742622241778342129e-01 1.313697211492974759e+02
6.820776732865685421e-01 1.280763301471647253e+02
6.899837121430018039e-01 1.248580081170252356e+02
6.979813907830659803e-01 1.217134686152785150e+02
7.060717714137773049e-01 1.186422503739997296e+02
7.142559285543126357e-01 1.156438128763466580e+02
7.225349491787214085e-01 1.127174651051622760e+02
7.309099328602910450e-01 1.098620704609380425e+02
7.393819919175865785e-01 1.070763559145419066e+02
7.479522515621821466e-01 1.043590470233134937e+02
7.566218500481054487e-01 1.017087290968456159e+02
7.653919388230148169e-01 9.912326421019982092e+01
7.742636826811269968e-01 9.660036400250642430e+01
7.832382599179196214e-01 9.413785209655986819e+01
7.923168624866253618e-01 9.173380666117341775e+01
8.015006961565405152e-01 8.938720932668084629e+01
8.107909806731686819e-01 8.709732079086379031e+01
8.201889499202202893e-01 8.486337314153165323e+01
8.296958520834906148e-01 8.268450411157314761e+01
8.393129498166364000e-01 8.055943862739145800e+01
8.490415204088747059e-01 7.848678573592788155e+01
8.588828559546249908e-01 7.646519514203454548e+01
8.688382635251183927e-01 7.449336944247208692e+01
8.789090653419954213e-01 7.257012959791529738e+01
8.890965989529158175e-01 7.069435448728981441e+01
8.994022174092044519e-01 6.886494647823242587e+01
9.098272894455557980e-01 6.708083216019610973e+01
9.203731996618220723e-01 6.534096840532741624e+01
9.310413487069075789e-01 6.364433642887843234e+01
9.418331534647951253e-01 6.198993805835889503e+01
9.527500472427290479e-01 6.037679291523279090e+01
9.637934799615786030e-01 5.880392403130653634e+01
9.749649183484085935e-01 5.727036915280973517e+01
9.862658461312820979e-01 5.577518793961758092e+01
9.976977642363201726e-01 5.431746250725555569e+01
1.009262190987048502e+00 5.289630290797242651e+01
1.020960662306047650e+00 5.151084193963134794e+01
1.032794731918952547e+00 5.016023140625239307e+01
1.044765971560805307e+00 4.884364170633039492e+01
1.056875971184805030e+00 4.756026128501135020e+01
1.069126339173477103e+00 4.630929641984103995e+01
1.081518702552289213e+00 4.508997097639313267e+01
1.094054707205743604e+00 4.390152603954008725e+01
1.106736018095974439e+00 4.274321942416099063e+01
1.119564319483879355e+00 4.161432544716352311e+01
1.132541315152812755e+00 4.051413468418798658e+01
1.145668728634872569e+00 3.944195365677316545e+01
1.158948303439811811e+00 3.839710461026217558e+01
1.172381803286599800e+00 3.737892512711076876e+01
1.185971012337670549e+00 3.638676775446580791e+01
1.199717735435885446e+00 3.541999968211031558e+01
1.213623798344241722e+00 3.447800231205384591e+01
1.227691047988360484e+00 3.356017105293381775e+01
1.241921352701784720e+00 3.266591511470669218e+01
1.256316602474121469e+00 3.179465724337353194e+01
1.270878709202059476e+00 3.094583360059769817e+01
1.285609606943296512e+00 3.011889338468444421e+01
1.300511252173409904e+00 2.931329845363886477e+01
1.315585624045705115e+00 2.852852302884774360e+01
1.330834724654076151e+00 2.776405316465972106e+01
1.346260579298911075e+00 2.701938666006797263e+01
1.361865236756082842e+00 2.629403299472551936e+01
1.377650769549054965e+00 2.558751306778813017e+01
1.393619274224143556e+00 2.489935882022770031e+01
1.409772871628967694e+00 2.422911307256016045e+01
1.426113707194129887e+00 2.357632938432048775e+01
1.442643951218158804e+00 2.294057182725910948e+01
1.459365799155757593e+00 2.232141480154126612e+01
1.476281471909391074e+00 2.171844278755668967e+01
1.493393216124253353e+00 2.113125009372592089e+01
1.510703304486655574e+00 2.055944064009419492e+01
1.528214036025870914e+00 2.000262773487573043e+01
1.545927736419478560e+00 1.946043387472494501e+01
1.563846758302247730e+00 1.893249055222660004e+01
1.581973481578601515e+00 1.841843805439963688e+01
1.600310313738701806e+00 1.791792523365409551e+01
1.618859690178199306e+00 1.743060933353789110e+01
1.637624074521689010e+00 1.695615582883611339e+01
1.656605958949915136e+00 1.649423823510080211e+01
1.675807864530768798e+00 1.604453784235560576e+01
1.695232341554121502e+00 1.560674357731500095e+01
1.714881969870540868e+00 1.518055190108950470e+01
1.734759359233932541e+00 1.476566663748278430e+01
1.754867149648152047e+00 1.436179877221777623e+01
1.775208011717636092e+00 1.396866630320253400e+01
1.795784647002096834e+00 1.358599410881366509e+01
1.816599788375328650e+00 1.321351379151336047e+01
1.837656200388172456e+00 1.285096352884257875e+01
1.858956679635688225e+00 1.249808792052474082e+01
1.880504055128583429e+00 1.215463783615068216e+01
1.902301188668945819e+00 1.182037026973239513e+01
1.924350975230332272e+00 1.149504818729883660e+01
1.946656343342263229e+00 1.117844039207636442e+01
1.969220255479173565e+00 1.087032139880204618e+01
1.992045708453871189e+00 1.057047130140281688e+01
2.015135733815558439e+00 1.027867564708338755e+01
2.038493398252464228e+00 9.994725307823127736e+00
2.062121803999144465e+00 9.718416351967745115e+00
2.086024089248504687e+00 9.449549920897256428e+00
2.110203428568596440e+00 9.187932085431395279e+00
2.134663033324245340e+00 8.933373735774241098e+00
2.159406152103567678e+00 8.685690491429616245e+00
2.184436071149428393e+00 8.444702589193438413e+00
2.209756114795903059e+00 8.210234756644227971e+00
2.235369645909796699e+00 7.982116108934467213e+00
2.261280066337279404e+00 7.760180061376442673e+00
2.287490817355704031e+00 7.544264227559767555e+00
2.314005380130653933e+00 7.334210321214693629e+00
2.340827276178294447e+00 7.129864057653411358e+00
2.367960067833078774e+00 6.931075055459394285e+00
2.395407358720879287e+00 6.737696742733881194e+00
2.423172794237600680e+00 6.549586267963018571e+00
2.451260062033339793e+00 6.366604410038839035e+00
2.479672892502160053e+00 6.188615487889908451e+00
2.508415059277541381e+00 6.015487274488038771e+00
2.537490379733571721e+00 5.847090906606507765e+00
2.566902715491951703e+00 5.683300803710218396e+00
2.596655972934872381e+00 5.523994595487725867e+00
2.626754103723838440e+00 5.369053043125658675e+00
2.657201105324506596e+00 5.218359940497188099e+00
2.688001021537607560e+00 5.071802040685239099e+00
2.719157943036019098e+00 4.929269009223666842e+00
2.750676007908067433e+00 4.790653353588445462e+00
2.782559402207125832e+00 4.655850347174190773e+00
2.814812360507581435e+00 4.524757960956193870e+00
2.847439166467247595e+00 4.397276804008811268e+00
2.880444153396297668e+00 4.273310058632747044e+00
2.913831704832788638e+00 4.152763418013423191e+00
2.947606255124858521e+00 4.035545023975237733e+00
2.981772290019673477e+00 3.921565404299099278e+00
3.016334347259197468e+00 3.810737413192883505e+00
3.051297017182871052e+00 3.702976172316885695e+00
3.086664943337274369e+00 3.598199014069073609e+00
3.122442823092857811e+00 3.496325427581975287e+00
3.158635408267818967e+00 3.397277004801330769e+00
3.195247505759213791e+00 3.300977387391356821e+00
3.232283978181380579e+00 3.207352215218532532e+00
3.269749744511767808e+00 3.116329076631748407e+00
3.307649780744242651e+00 3.027837459263604813e+00
3.345989120549974771e+00 2.941808694562705107e+00
3.384772855945982872e+00 2.858175909534406145e+00
3.424006137971425723e+00 2.776873991756541926e+00
3.463694177371734462e+00 2.697839545435469333e+00
3.503842245290675894e+00 2.621010844626654457e+00
3.544455673970435594e+00 2.546327789879359482e+00
3.585539857459817181e+00 2.473731871378544778e+00
3.627100252330648367e+00 2.403166128774848254e+00
3.669142378402494131e+00 2.334575112421149345e+00
3.711671819475766743e+00 2.267904845027228777e+00
3.754694224073336972e+00 2.203102782794384762e+00
3.798215306190736218e+00 2.140117778588463526e+00
3.842240846055060999e+00 2.078900045909291894e+00
3.886776690892667752e+00 2.019401123866880532e+00
3.931828755705770284e+00 1.961573843418984442e+00
3.977403024058036696e+00 1.905372294135639466e+00
4.023505548869293236e+00 1.850751791045848194e+00
4.070142453219438572e+00 1.797668842681796608e+00
4.117319931161679492e+00 1.746081121387678792e+00
4.165044248545185290e+00 1.695947433297595897e+00
4.213321743847289191e+00 1.647227687050324185e+00
4.262158829015325168e+00 1.599882864165951268e+00
4.311561990318228510e+00 1.553874994353072525e+00
4.361537789208005833e+00 1.509167128560081617e+00
4.412092863191189984e+00 1.465723311708319043e+00
4.463233926710397093e+00 1.423508556370183920e+00
4.514967772036102112e+00 1.382488818674042053e+00
4.567301270168746541e+00 1.342630973773202507e+00
4.620241371751313331e+00 1.303902791676308404e+00
4.673795107992464004e+00 1.266272913726640859e+00
4.727969591600390764e+00 1.229710829995546817e+00
4.782772017727485725e+00 1.194186857039585492e+00
4.838209664925956943e+00 1.159672116286467825e+00
4.894289896114531579e+00 1.126138512945163983e+00
4.951020159556350997e+00 1.093558715204100196e+00
5.008407989848212338e+00 1.061906134105252475e+00
5.066461008921268494e+00 1.031154903350895324e+00
5.125186927053333008e+00 1.001279859714500953e+00
5.184593543892913381e+00 9.722565256067602357e-01
5.244688749495119318e+00 9.440610910607714068e-01
5.305480525369573819e+00 9.166703932829970425e-01
5.366976945540476329e+00 8.900618969036939720e-01
5.429186177618943177e+00 8.642136827559830925e-01
5.492116483887789613e+00 8.391044321999765465e-01
5.555776222398877806e+00 8.147134102772828346e-01
5.620173848083187984e+00 7.910204492771303331e-01
5.685317913873753071e+00 7.680059352794419425e-01
5.751217071841614015e+00 7.456507935821189426e-01
5.817880074344935259e+00 7.239364745797209899e-01
5.885315775191449994e+00 7.028449400487299936e-01
5.953533130814370189e+00 6.823586487449869731e-01
6.022541201461927507e+00 6.624605429580165961e-01
6.092349152400711176e+00 6.431340353850870661e-01
6.162966255132942273e+00 6.243629963164136765e-01
6.234401888627863819e+00 6.061317416195997065e-01
6.306665540567405692e+00 5.884250207854228032e-01
6.379766808606282424e+00 5.712280053002193325e-01
6.453715401646701544e+00 5.545262773434710413e-01
6.528521141127847649e+00 5.383058185526133910e-01
6.604193962330305645e+00 5.225529992031322513e-01
6.680743915695614987e+00 5.072545678233582045e-01
6.758181168161110364e+00 4.923976411381595919e-01
6.836516004510238886e+00 4.779696937958141101e-01
6.915758828738525210e+00 4.639585486115738733e-01
6.995920165435374649e+00 4.503523671765706227e-01
7.077010661181889262e+00 4.371396407444642085e-01
7.159041085964887863e+00 4.243091811421603743e-01
7.242022334607315592e+00 4.118501120278560412e-01
7.325965428215230446e+00 3.997518603449776720e-01
7.410881515641570161e+00 3.880041479600133680e-01
7.496781874966877091e+00 3.765969837795265507e-01
7.583677914997190683e+00 3.655206559515467024e-01
7.671581176779302069e+00 3.547657243012059536e-01
7.760503335133570602e+00 3.443230130162042713e-01
7.850456200204509294e+00 3.341836032604006967e-01
7.941451719029339884e+00 3.243388261082486568e-01
8.033501977124734239e+00 3.147802555219380571e-01
8.126619200091946382e+00 3.054997013420903129e-01
8.220815755240540312e+00 2.964892033129600812e-01
8.316104153230961415e+00 2.877410248829763706e-01
8.412497049736117560e+00 2.792476465052200485e-01
8.510007247122246099e+00 2.710017585041449295e-01
8.608647696149244410e+00 2.629962568685229041e-01
8.708431497690723333e+00 2.552242379590262122e-01
8.809371904473991322e+00 2.476789928218897374e-01
8.911482322840202031e+00 2.403540014665130342e-01
9.014776314524917566e+00 2.332429280777816583e-01
9.119267598459298796e+00 2.263396160277171554e-01
9.224970052592174952e+00 2.196380829254064859e-01
9.331897715733239451e+00 2.131325158279071263e-01
9.440064789417602853e+00 2.068172664780820458e-01
9.549485639791965852e+00 2.006868467136510570e-01
9.660174799522645017e+00 1.947359240168517747e-01
9.772146969725724830e+00 1.889593171850319497e-01
9.885417021919574054e+00 1.833519921189732116e-01
1.000000000000000000e+01 1.779090577258303496e-01
